
[32;1m NPM(K)    PM(M)      WS(M)     CPU(s)      Id  SI ProcessName[0m
[32;1m ------    -----      -----     ------      --  -- -----------[0m
      0     0.00       0.00       0.00       0 …05 
      0     0.00       0.00       0.00       1   1 
      0     0.00       0.00       0.00      99  99 
      0     0.00       0.00       0.00     100 100 
      0     0.00       0.00       0.00     103 103 
      0     0.00       0.00       0.00     104 104 
      0     0.00       0.00       0.00     105 105 
      0     0.00       0.00       0.00     108 108 
      0     0.00       0.00       0.00     109 109 
      0     0.00       0.00       0.00     110 110 
      0     0.00       0.00       0.00     111 111 
      0     0.00       0.00       0.00     115 115 
      0     0.00       0.00       0.00     117 117 
      0     0.00       0.00       0.00     118 118 
      0     0.00       0.00       0.00     120 120 
      0     0.00       0.00       0.00     122 122 
      0     0.00       0.00       0.00     126 126 
      0     0.00       0.00       0.00     127 127 
      0     0.00       0.00       0.00     128 128 
      0     0.00       0.00       0.00     129 129 
      0     0.00       0.00       0.00     133 133 
      0     0.00       0.00       0.00     134 134 
      0     0.00       0.00       0.00     137 137 
      0     0.00       0.00       0.00     138 138 
      0     0.00       0.00       0.00     139 139 
      0     0.00       0.00       0.00     140 140 
      0     0.00       0.00       0.00     141 141 
      0     0.00       0.00       0.00     143 143 
      0     0.00       0.00       0.00     144 144 
      0     0.00       0.00       0.00     145 145 
      0     0.00       0.00       0.00     147 147 
      0     0.00       0.00       0.00     149 149 
      0     0.00       0.00       0.00     150 150 
      0     0.00       0.00       0.00     151 151 
      0     0.00       0.00       0.00     155 155 
      0     0.00       0.00       0.00     156 156 
      0     0.00       0.00       0.00     159 159 
      0     0.00       0.00       0.00     160 160 
      0     0.00       0.00       0.00     161 161 
      0     0.00       0.00       0.00     163 163 
      0     0.00       0.00       0.00     164 164 
      0     0.00       0.00       0.00     166 166 
      0     0.00       0.00       0.00     167 167 
      0     0.00       0.00       0.00     168 168 
      0     0.00       0.00       0.00     170 170 
      0     0.00       0.00       0.00     171 171 
      0     0.00       0.00       0.00     172 172 
      0     0.00       0.00       0.00     173 173 
      0     0.00       0.00       0.00     175 175 
      0     0.00       0.00       0.00     177 177 
      0     0.00       0.00       0.00     178 178 
      0     0.00       0.00       0.00     184 184 
      0     0.00       0.00       0.00     201 201 
      0     0.00       0.00       0.00     203 203 
      0     0.00       0.00       0.00     205 205 
      0     0.00       0.00       0.00     209 209 
      0     0.00       0.00       0.00     210 210 
      0     0.00       0.00       0.00     214 214 
      0     0.00       0.00       0.00     217   1 
      0     0.00       0.00       0.00     220 220 
      0     0.00       0.00       0.00     221 221 
      0     0.00       0.00       0.00     222 222 
      0     0.00       0.00       0.00     223 223 
      0     0.00       0.00       0.00     224 224 
      0     0.00       0.00       0.00     225 225 
      0     0.00       0.00       0.00     226 226 
      0     0.00       0.00       0.00     227 227 
      0     0.00       0.00       0.00     233 233 
      0     0.00       0.00       0.00     239 239 
      0     0.00       0.00       0.00     241 241 
      0     0.00       0.00       0.00     247 247 
      0     0.00       0.00       0.00     248 248 
      0     0.00       0.00       0.00     254 254 
      0     0.00       0.00       0.00     256 256 
      0     0.00       0.00       0.00     259 259 
      0     0.00       0.00       0.00     262 262 
      0     0.00       0.00       0.00     263   1 
      0     0.00       0.00       0.00     268 268 
      0     0.00       0.00       0.00     270 270 
      0     0.00       0.00       0.00     282 282 
      0     0.00       0.00       0.00     296 296 
      0     0.00       0.00       0.00     303 303 
      0     0.00       0.00       0.00     306 306 
      0     0.00       0.00       0.00     311 311 
      0     0.00       0.00       0.00     312 312 
      0     0.00       0.00       0.00     314 314 
      0     0.00       0.00       0.00     318 318 
      0     0.00       0.00       0.00     323 323 
      0     0.00       0.00       0.00     324 324 
      0     0.00       0.00       0.00     333   1 
      0     0.00       0.00       0.00     336   1 
      0     0.00       0.00       0.00     337   1 
      0     0.00       0.00       0.00     340   1 
      0     0.00       0.00       0.00     350   1 
      0     0.00       0.00       0.00     356 356 
      0     0.00       0.00       0.00     359   1 
      0     0.00       0.00       0.00     378   1 
      0     0.00       0.00       0.00     381 381 
      0     0.00       0.00       0.00     388 388 
      0     0.00       0.00       0.00     392 392 
      0     0.00       0.00       0.00     393 393 
      0     0.00       0.00       0.00     394 394 
      0     0.00       0.00       0.00     395 395 
      0     0.00       0.00       0.00     396 396 
      0     0.00       0.00       0.00     397 397 
      0     0.00       0.00       0.00     398 398 
      0     0.00       0.00       0.00     399   1 
      0     0.00       0.00       0.00     400 400 
      0     0.00       0.00       0.00     401 401 
      0     0.00       0.00       0.00     403 403 
      0     0.00       0.00       0.00     404 404 
      0     0.00       0.00       0.00     410 410 
      0     0.00       0.00       0.00     413 413 
      0     0.00       0.00       0.00     416 416 
      0     0.00       0.00       0.00     420 420 
      0     0.00       0.00       0.00     421 421 
      0     0.00       0.00       0.00     422 422 
      0     0.00       0.00       0.00     444   1 
      0     0.00       0.00       0.00     445   1 
      0     0.00       0.00       0.00     522   1 
      0     0.00       0.00       0.00     753 753 
      0     0.00       0.00       0.00     754 754 
      0     0.00       0.00       0.00     761 761 
      0     0.00       0.00       0.00     873 873 
      0     0.00       0.00       0.00     887 887 
      0     0.00       0.00       0.00     918 918 
      0     0.00       0.00       0.00    1020 …20 
      0     0.00       0.00       0.00    1022 …22 
      0     0.00       0.00       0.00    1023 …23 
      0     0.00       0.00       0.00    1041 …41 
      0     0.00       0.00       0.00    1044   1 
      0     0.00       0.00       0.00    1045 …45 
      0     0.00       0.00       0.00    1046 …46 
      0     0.00       0.00       0.00    1083 …83 
      0     0.00       0.00       0.00    1090 …90 
      0     0.00       0.00       0.00    1133 …33 
      0     0.00       0.00       0.00    1170 …70 
      0     0.00       0.00       0.00    1171 …71 
      0     0.00       0.00       0.00    1172 …72 
      0     0.00       0.00       0.00    1173   1 
      0     0.00       0.00       0.00    1192 …92 
      0     0.00       0.00       0.00    1218 …18 
      0     0.00       0.00       0.00    1231 …31 
      0     0.00       0.00       0.00    1239 …39 
      0     0.00       0.00       0.00    1240 …40 
      0     0.00       0.00       0.00    1248 …48 
      0     0.00       0.00       0.00    1250 …50 
      0     0.00       0.00       0.00    1252 …52 
      0     0.00       0.00       0.00    1255 …55 
      0     0.00       0.00       0.00    1257 …57 
      0     0.00       0.00       0.00    1259 …59 
      0     0.00       0.00       0.00    1266 …66 
      0     0.00       0.00       0.00    1279 …79 
      0     0.00       0.00       0.00    1280 …80 
      0     0.00       0.00       0.00    1296 108 
      0     0.00       0.00       0.00    1334 …34 
      0     0.00       0.00       0.00    1347 …47 
      0     0.00       0.00       0.00    1363 …63 
      0     0.00       0.00       0.00    1394 …94 
      0     0.00       0.00       0.00    1401 …01 
      0     0.00       0.00       0.00    1410   1 
      0     0.00       0.00       0.00    1448 …48 
      0     0.00       0.00       0.00    1462 …62 
      0     0.00       0.00       0.00    1513 …13 
      0     0.00       0.00       0.00    1661 …61 
      0     0.00       0.00       0.00    1831 …31 
      0     0.00       0.00       0.00    1886 …86 
      0     0.00       0.00       0.00    1900 …00 
      0     0.00       0.00       0.00    1909   1 
      0     0.00       0.00       0.00    1928 …28 
      0     0.00       0.00       0.00    1938 …38 
      0     0.00       0.00       0.00    1967   1 
      0     0.00       0.00       0.00    1979 …79 
      0     0.00       0.00       0.00    2063 …63 
      0     0.00       0.00       0.00    2122 …22 
      0     0.00       0.00       0.00    2123 …23 
      0     0.00       0.00       0.00    2167 …67 
      0     0.00       0.00       0.00    2181   1 
      0     0.00       0.00       0.00    2421 …21 
      0     0.00       0.00       0.00    2432 …32 
      0     0.00       0.00       0.00    7232   1 
      0     0.00       0.00       0.00    7233   1 
      0     0.00       0.00       0.00    7261   1 
      0     0.00       0.00       0.00    7267   1 
      0     0.00       0.00       0.00    7503   1 
      0     0.00       0.00       0.00    7561   1 
      0     0.00       0.00       0.00   13010 …10 
      0     0.00       0.00       0.00   13074 …74 
      0     0.00       0.00       0.00   15064   1 
      0     0.00       0.00       0.00   16554 …54 
      0     0.00       0.00       0.00   21398 …98 
      0     0.00       0.00       0.00   21601 …01 
      0     0.00       0.00       0.00   21664 …64 
      0     0.00       0.00       0.00   22833 …33 
      0     0.00       0.00       0.00   25148 …48 
      0     0.00       0.00       0.00   27911 …11 
      0     0.00       0.00       0.00   27975   1 
      0     0.00       0.00       0.00   36771 …71 
      0     0.00       0.00       0.00   36778 …78 
      0     0.00       0.00       0.00   38501 …01 
      0     0.00       0.00       0.00   41578 …78 
      0     0.00       0.00       0.00   41822 …22 
      0     0.00       0.00       0.00   41878 …78 
      0     0.00       0.00       0.00   41889 …89 
      0     0.00       0.00       0.00   42066 …66 
      0     0.00       0.00       0.00   42168 …68 
      0     0.00       0.00       0.00   42640 …40 
      0     0.00       0.00       0.00   42654 …54 
      0     0.00       0.00       0.00   42673 …73 
      0     0.00       0.00       0.00   42729 …29 
      0     0.00       0.00       0.00   42743 …43 
      0     0.00       0.00       0.00   42745 …45 
      0     0.00       0.00       0.00   43278 …78 
      0     0.00       0.00       0.00   43732 …32 
      0     0.00       0.00       0.00   43811 …32 
      0     0.00       0.00       0.00   44690 …90 
      0     0.00       0.00       0.00   46138 …38 
      0     0.00       0.00       0.00   49476 …76 
      0     0.00       0.00       0.00   61876 …76 
      0     0.00       0.00       0.00   66237 …37 
      0     0.00       0.00       0.00   80513 …13 
      0     0.00       0.00       0.00   87764 …64 
      0     0.00       0.00       0.00   87894 …94 
      0     0.00       0.00       0.00   88550 …50 
      0     0.00       0.00       0.00   90212 …12 
      0     0.00       0.00       0.00   94121 …21 
      0     0.00       0.00       0.00   94766 …66 
      0     0.00       0.00       0.00   97088 …88 
      0     0.00       0.00       0.00   97102 …02 
      0     0.00      29.26       0.25     850 850 ACCFinderSync
      0     0.00      29.26       0.24    7999 …99 ACCFinderSync
      0     0.00      29.35       0.25   11726 …26 ACCFinderSync
      0     0.00       8.53       1.12   41829 …29 ACCFinderSync
      0     0.00      29.36       0.25   78025 …25 ACCFinderSync
      0     0.00      29.48       0.32   79378 …78 ACCFinderSync
      0     0.00      29.33       0.26   93178 …78 ACCFinderSync
      0     0.00      29.42       0.26   93716 …16 ACCFinderSync
      0     0.00      15.64      13.92    1458   1 accountsd
      0     0.00      21.93      25.68   43280   1 Adobe Desktop S
      0     0.00       3.38      14.97   42690   1 AdobeCRDaemon
      0     0.00       3.45      14.19   43310   1 AdobeCRDaemon
      0     0.00       3.42      14.23   43369   1 AdobeCRDaemon
      0     0.00       3.39      14.21   43550   1 AdobeCRDaemon
      0     0.00      10.21      12.57   42672   1 AdobeIPCBroker
      0     0.00      32.11      25.91   42612   1 Adobe_CCXProces
      0     0.00       7.28       0.55    2746   1 adprivacyd
      0     0.00       8.79       0.68   42573   1 AirPlayUIAgent
      0     0.00       8.03       1.27    1622   1 akd
      0     0.00      49.97      19.95   42568   1 AltTab
      0     0.00       2.55       0.06   98002   1 AMPArtworkAgent
      0     0.00       3.04       0.14   41828   1 AMPDeviceDiscov
      0     0.00       8.35       1.02   97961   1 AMPLibraryAgent
      0     0.00       6.00       1.43   42580   1 amsaccountsd
      0     0.00      23.05       5.07   36821   1 amsengagementd
      0     0.00       0.70       0.01    1487   1 APFSUserAgent
      0     0.00       2.70       0.20   93989   1 appleaccountd
      0     0.00      70.90      17.47    5845   1 AppleSpell
      0     0.00      10.16       0.82    1689   1 AppSSOAgent
      0     0.00      33.98       8.21   36736   1 appstoreagent
      0     0.00       3.42       0.81   42571   1 askpermissiond
      0     0.00       3.35       0.38    1884   1 AssetCacheLocat
      0     0.00      15.81       2.77    1540   1 assistantd
      0     0.00       4.19       0.17   41860   1 AudioComponentR
      0     0.00       6.04       0.35    3197   1 avatarsd
      0     0.00       0.66       0.18   41835   1 avconferenced
      0     0.00       7.42       0.25    2414   1 backgroundtaskm
      0     0.00       2.13       0.27    1656   1 BiomeAgent
      0     0.00       4.04       0.21    2514   1 biomesyncd
      0     0.00      12.68       4.94    1847   1 bird
      0     0.00     543.99     139.13   47718   1 Brave Browser
      0     0.00      48.83       0.19   32801   1 Brave Browser H
      0     0.00     172.28     441.30   47800   1 Brave Browser H
      0     0.00      72.96      30.54   47801   1 Brave Browser H
      0     0.00      34.32       0.74   47808   1 Brave Browser H
      0     0.00      32.92       1.17   47821   1 Brave Browser H
      0     0.00      68.84       0.52   47834   1 Brave Browser H
      0     0.00     351.66     487.23   47849   1 Brave Browser H
      0     0.00      70.02       0.44   47873   1 Brave Browser H
      0     0.00     253.37      24.63   47878   1 Brave Browser H
      0     0.00     287.11      12.63   47879   1 Brave Browser H
      0     0.00      71.38       0.54   47880   1 Brave Browser H
      0     0.00      83.84      12.74   47882   1 Brave Browser H
      0     0.00     234.70       8.09   47883   1 Brave Browser H
      0     0.00     155.68       6.81   47884   1 Brave Browser H
      0     0.00      62.40       0.25   47885   1 Brave Browser H
      0     0.00     186.95       1.42   48025   1 Brave Browser H
      0     0.00      65.07       0.29   48268   1 Brave Browser H
      0     0.00      32.09      10.11   48534   1 Brave Browser H
      0     0.00     618.90     391.36   62904   1 Brave Browser H
      0     0.00      70.32       0.29   63091   1 Brave Browser H
      0     0.00       1.79       0.10   90645   1 BTLEServerAgent
      0     0.00       4.38       0.13   42765 …65 CacheDeleteExte
      0     0.00      33.83      26.76    1490   1 CalendarAgent
      0     0.00      15.45      19.62    2498 …98 CalendarWidgetE
      0     0.00       0.01       0.04    3232 …32 CalendarWidgetE
      0     0.00       5.89       0.36   42055   1 CallHistoryPlug
      0     0.00      11.96       2.22    1514   1 callservicesd
      0     0.00      12.62       3.21    1525 …25 CalNCService
      0     0.00       0.94       0.14   41866 …66 CarbonComponent
      0     0.00       3.69       0.02   28450 …50 CategoriesServi
      0     0.00       4.79       0.17    1763   1 cdpd
      0     0.00       5.16      20.31    1419   1 cfprefsd
      0     0.00       3.64       0.01   47647 …27 chrome_crashpad
      0     0.00       3.42       0.01   47758 …57 chrome_crashpad
      0     0.00       3.61       0.01   60772 …71 chrome_crashpad
      0     0.00      16.97       9.32    1580   1 cloudd
      0     0.00       1.91       0.08    1450   1 CloudKeychainPr
      0     0.00       5.01       0.57    3284   1 cloudpaird
      0     0.00       3.02       0.49    2594   1 cloudphotod
      0     0.00       2.03       0.04    2525   1 CMFSyncAgent
      0     0.00      30.85       0.41   47688   1 Code Helper
      0     0.00      82.56     125.79   47670   1 Code Helper (GP
      0     0.00     503.53     354.92   47697   1 Code Helper (Re
      0     0.00     180.56      12.57   47852   1 Code Helper (Re
      0     0.00      62.64       8.34   47911   1 Code Helper (Re
      0     0.00      41.80       0.49   47931   1 Code Helper (Re
      0     0.00       0.61       0.06   44090   1 colorsync.usera
      0     0.00       1.04       0.04   42657   1 com.apple.acces
      0     0.00      65.04      19.02   78007 …07 com.apple.appki
      0     0.00       0.01       0.03   36481 …81 com.apple.audio
      0     0.00       0.01       0.04   42674 …74 com.apple.audio
      0     0.00       5.79       0.04   48542 …42 com.apple.audio
      0     0.00       0.01       0.03   64756 …56 com.apple.audio
      0     0.00       0.97       0.04   97995   1 com.apple.BKAge
      0     0.00       0.54       0.01   91889   1 com.apple.Chara
      0     0.00       1.60       0.16    2114   1 com.apple.Cloud
      0     0.00       0.01       0.01   44092 …92 com.apple.Color
      0     0.00       0.01       0.01   88313 …13 com.apple.Color
      0     0.00       0.01       0.01    1531   1 com.apple.Dicti
      0     0.00      14.34       1.52   42037 …37 com.apple.dock.
      0     0.00       2.98       0.12    2470 …70 com.apple.FaceT
      0     0.00       6.50       1.51    2480   1 com.apple.geod
      0     0.00       1.92       4.56    1842   1 com.apple.hiser
      0     0.00       0.01       0.07    2489 …89 com.apple.Notes
      0     0.00       9.16       1.54   42040   1 com.apple.quick
      0     0.00      29.99       2.94   61020   1 com.apple.Safar
      0     0.00       5.73       0.43    1453   1 com.apple.sbd
      0     0.00       0.45       0.25    1550 …50 com.apple.siri.
      0     0.00       0.75       0.25   64266   1 com.apple.speec
      0     0.00       4.96       0.81   42655 …55 com.apple.WebKi
      0     0.00       3.00       0.32   42664 …64 com.apple.WebKi
      0     0.00      15.73       0.31   61000 …00 com.apple.WebKi
      0     0.00       7.15       1.93    1485   1 CommCenter
      0     0.00       5.26       0.86   41857   1 commerce
      0     0.00       6.08       1.14    1543   1 contactsd
      0     0.00       8.39       1.25    2507   1 contactsdonatio
      0     0.00       7.98       7.64    1499   1 containermanage
      0     0.00       4.57       2.35    2262 …62 ContainerMetada
      0     0.00       2.20       0.22   42898   1 contentlinkingd
      0     0.00       7.66       1.57    1902   1 ContextService
      0     0.00      10.55       8.51    1507   1 ContextStoreAge
      0     0.00      44.32      20.55   41796   1 ControlCenter
      0     0.00      22.03       5.09    1489   1 ControlStrip
      0     0.00      29.11      26.08   43594   1 Core Sync
      0     0.00      16.13       0.22   45879   1 coreautha
      0     0.00       4.46       0.16    2433   1 coreauthd
      0     0.00       9.96       0.91    2474   1 CoreLocationAge
      0     0.00      24.48       1.60    2477   1 CoreServicesUIA
      0     0.00       3.33       1.49   42560   1 corespeechd
      0     0.00      61.20       3.01    1848   1 corespotlightd
      0     0.00      26.15       3.22   90191   1 CoreSpotlightSe
      0     0.00       0.01       0.02   43299 …98 CrashHandler
      0     0.00       0.01       0.02   43366 …65 CrashHandler
      0     0.00       0.01       0.02   43546 …44 CrashHandler
      0     0.00      12.57       4.75   43353   1 Creative Cloud 
      0     0.00       9.01       4.32   43537   1 Creative Cloud 
      0     0.00       1.32       0.02    1464   1 csnameddatad
      0     0.00       1.50       0.07   41890   1 ctkahp
      0     0.00       2.15       0.13    1515   1 ctkd
      0     0.00      40.51       0.20   69533 …33 DashlaneIdentit
      0     0.00       8.64       8.34   12916   1 deleted
      0     0.00       1.05       0.15   87828   1 devicecheckd
      0     0.00       2.01       0.11    1527   1 diagnosticexten
      0     0.00       4.71       1.10   42578   1 diagnostics_age
      0     0.00       4.39       0.02   21772   1 DiskUnmountWatc
      0     0.00       3.65      13.87     452   1 distnoted
      0     0.00       4.50       1.23    2024   1 dmd
      0     0.00      28.64      20.58   41795   1 Dock
      0     0.00      14.78       1.94   47972 …72 DockHelper
      0     0.00       8.12       1.44    1509   1 donotdisturbd
      0     0.00     161.46      76.26   47589   1 Electron
      0     0.00     238.07      27.78   47861   1 Electron
      0     0.00      44.78       0.92   48010   1 Electron
      0     0.00       7.64       0.94   91882 …82 EmojiFunctionRo
      0     0.00       4.23       0.13   16448   1 EscrowSecurityA
      0     0.00       1.98     122.48   42564   1 EWCService
      0     0.00       7.68       0.51    2028   1 familycircled
      0     0.00       9.63       0.93   42585   1 figma_agent
      0     0.00      15.17      22.06    2066   1 fileproviderd
      0     0.00     116.02      40.39   41799   1 Finder
      0     0.00       3.50       0.19   42208   1 findmydevice-us
      0     0.00       0.01       0.18    2497 …97 FindMyWidgetIte
      0     0.00       0.01       0.17    2487 …87 FindMyWidgetPeo
      0     0.00       5.18       0.80    1553   1 fmfd
      0     0.00       1.59       0.04    1759   1 followupd
      0     0.00      13.29       4.02    1947   1 fontd
      0     0.00       1.48       0.91    1951   1 fontworker
      0     0.00       2.02       0.06   42746   1 geodMachService
      0     0.00      10.05       2.67    1493   1 homed
      0     0.00       2.76       0.31   42569   1 icdd
      0     0.00       7.23       0.61    1742   1 iCloudNotificat
      0     0.00      19.87       8.16    2027   1 iconservicesage
      0     0.00      13.44       2.97    1498   1 identityservice
      0     0.00       1.30       0.07    3861 …61 IDSBlastDoorSer
      0     0.00       8.89       1.44    2469   1 imagent
      0     0.00       0.70       0.03   16550   1 IMAutomaticHist
      0     0.00      10.84       1.42    2472   1 IMDPersistenceA
      0     0.00       5.41       0.56    2135   1 imklaunchagent
      0     0.00      10.46       1.32    1461   1 itunescloudd
      0     0.00       4.80       0.19    1532   1 keyboardservice
      0     0.00      16.79       5.49    1454   1 knowledge-agent
      0     0.00       1.54       0.02   99111   1 localizationswi
      0     0.00      59.83      38.16   15954   1 LogiMgrDaemon
      0     0.00       0.47       0.02   42617   1 loginitemregist
      0     0.00      30.97      10.28     181 181 loginwindow
      0     0.00      11.80      23.04    1455   1 lsd
      0     0.00      16.59       3.72   42641   1 Maccy
      0     0.00       3.38       0.05   16564 …64 MailCacheDelete
      0     0.00       6.29       0.50   42067   1 mapspushd
      0     0.00      15.52      13.61    2403   1 mdbulkimport
      0     0.00       0.45      20.73    7262   1 mdworker
      0     0.00      17.72       0.30    2988   1 mdworker_shared
      0     0.00      14.68       0.12    3428   1 mdworker_shared
      0     0.00      12.43       0.11    9343   1 mdworker_shared
      0     0.00       2.35       0.24   41956   1 mdwrite
      0     0.00       4.44       0.08   97960 …60 media-indexer
      0     0.00       1.57       0.52    2473   1 mediaremoteagen
      0     0.00       0.59       0.03   36738   1 metrickitd
      0     0.00      31.57       0.08   10986   1 Microsoft Teams
      0     0.00      81.30      12.60   60779   1 Microsoft Teams
      0     0.00      34.74       6.87   60788   1 Microsoft Teams
      0     0.00      58.44       0.33   60799   1 Microsoft Teams
      0     0.00      19.00       0.54   60824   1 Microsoft Teams
      0     0.00     617.68      49.96   65099   1 Microsoft Teams
      0     0.00     428.95      60.93   65210   1 Microsoft Teams
      0     0.00      82.23       4.60   65406   1 Microsoft Teams
      0     0.00      13.49       4.64   88054   1 MirrorDisplays
      0     0.00       0.01       0.03   70483   1 mlruntimed
      0     0.00       3.50       0.07   20798 …98 MobileSMSSpotli
      0     0.00       0.39       0.13    1876 …76 MTLCompilerServ
      0     0.00       0.52       0.10   12306 …06 MTLCompilerServ
      0     0.00       0.51       0.85   26396 …96 MTLCompilerServ
      0     0.00       0.52       0.21   26397 …97 MTLCompilerServ
      0     0.00       0.53       0.09   28001 …01 MTLCompilerServ
      0     0.00       0.53       1.11   41832 …32 MTLCompilerServ
      0     0.00       0.54       0.19   42058 …58 MTLCompilerServ
      0     0.00       0.53       0.08   42059 …59 MTLCompilerServ
      0     0.00       0.48       0.08   43289 …89 MTLCompilerServ
      0     0.00       0.50       0.15   45578 …78 MTLCompilerServ
      0     0.00       0.52       0.21   58071 …71 MTLCompilerServ
      0     0.00       0.49       0.09   58072 …72 MTLCompilerServ
      0     0.00      13.29       0.08   60470 …70 MTLCompilerServ
      0     0.00       0.52       0.15   64774 …74 MTLCompilerServ
      0     0.00      14.26       0.04   73052 …52 MTLCompilerServ
      0     0.00      17.55       0.07   79537 …37 MTLCompilerServ
      0     0.00       0.50       0.06   98282 …82 MTLCompilerServ
      0     0.00       3.54       0.09   42767 …67 MusicCacheExten
      0     0.00      18.34       0.31   49402   1 nbagent
      0     0.00       0.56       0.02   37640   1 ndoagent
      0     0.00       4.03       0.45    1874   1 neagent
      0     0.00       9.21       1.81    1530   1 networkservicep
      0     0.00      38.79       6.43   43925   1 node
      0     0.00      26.23      13.91    1844   1 NotificationCen
      0     0.00      19.41       1.82   48557   1 NowPlayingTouch
      0     0.00      24.95     173.95    1674   1 nsurlsessiond
      0     0.00      64.34      28.94   42625   1 OneDrive
      0     0.00       7.93       1.36    2566 …66 OneDrive File P
      0     0.00      10.46       0.59   99239   1 OSDUIHelper
      0     0.00       7.25       1.24    2423 …23 PAH_Extension
      0     0.00      10.95       2.42    5415   1 parsecd
      0     0.00       5.99       0.50   41848   1 passd
      0     0.00       0.68       1.15   42169   1 PasswordBreachA
      0     0.00       2.91       0.27    1476   1 pboard
      0     0.00       4.84       0.55    1983   1 pbs
      0     0.00      26.48      12.51    2142   1 photoanalysisd
      0     0.00      16.29       3.95    1856   1 photolibraryd
      0     0.00       0.01       0.08    2503 …03 PhotosReliveWid
      0     0.00      12.46      11.28    1517   1 pkd
      0     0.00       0.57       0.01    3062 …62 PlugInLibrarySe
      0     0.00       1.88       0.01   12394 …94 PlugInLibrarySe
      0     0.00       0.83       0.01   41514 …14 PlugInLibrarySe
      0     0.00       0.61       0.01   42595 …95 PlugInLibrarySe
      0     0.00       0.01       0.01   43740 …40 PlugInLibrarySe
      0     0.00       1.86       0.01   81959 …59 PlugInLibrarySe
      0     0.00      46.79       0.30   67729 …29 Pluralsight Wid
      0     0.00       1.65       0.05   97986   1 PodcastContentS
      0     0.00       0.01       0.13    2501 …01 PodcastsWidget
      0     0.00      11.32       0.71   26073   1 PowerChime
      0     0.00       5.29       0.55   68629   1 printtool
      0     0.00       0.70       0.04   95643   1 proactived
      0     0.00       3.08       0.50   42167   1 proactiveeventt
      0     0.00       2.91       0.30    1896   1 progressd
      0     0.00       3.47       0.58   36822   1 promotedcontent
      0     0.00       2.68       0.11    2478   1 ProtectedCloudK
      0     0.00     258.00     128.94   38705 …05 pwsh
      0     0.00       0.84       0.22   93531 …31 QuickLookSatell
      0     0.00       6.38       0.70   41812 …12 QuickLookUIServ
      0     0.00      13.12       0.24   78016 …16 QuickLookUIServ
      0     0.00       6.75       1.69    1488   1 rapportd
      0     0.00       3.44       0.67   75373   1 rcd
      0     0.00      14.21       3.71   42601   1 Rectangle
      0     0.00      21.91       0.67   57488   1 remindd
      0     0.00       0.01       0.09    2499 …99 RemindersWidget
      0     0.00       1.53       0.09   42742   1 replayd
      0     0.00       1.82       7.77    3445   1 ReportCrash
      0     0.00      16.07       5.36    1496   1 routined
      0     0.00       1.97       0.35   14451   1 SafariBookmarks
      0     0.00       1.27       0.07   42866   1 SafariLaunchAge
      0     0.00       0.01       0.02   41908   1 SafeEjectGPUAge
      0     0.00       0.56       0.04   41909   1 SafeEjectGPUSer
      0     0.00       1.71       0.28    2124   1 ScopedBookmarkA
      0     0.00       3.44       0.34    1639   1 ScreenTimeAgent
      0     0.00       0.01       0.17    2491 …91 ScreenTimeWidge
      0     0.00       6.07       3.11    1743   1 searchpartyuser
      0     0.00      20.24       7.51    1421   1 secd
      0     0.00       7.09      54.92    1497   1 secinitd
      0     0.00       6.77       0.70    2444   1 sharedfilelistd
      0     0.00      13.42       9.15    2435   1 sharingd
      0     0.00       2.32       0.05   88034   1 SidecarRelay
      0     0.00       6.63       0.91    1729   1 siriactionsd
      0     0.00       7.80       1.03    1589   1 siriknowledged
      0     0.00      15.33       1.97   42593   1 Snappy
      0     0.00       9.72       0.91    2170   1 SoftwareUpdateN
      0     0.00       0.49       0.04   21430   1 spindump_agent
      0     0.00     115.07      18.33   41811   1 Spotlight
      0     0.00       3.60       0.31    2468   1 StatusKitAgent
      0     0.00       0.01       0.18    2490 …90 StocksWidget
      0     0.00       1.52       0.10   42753   1 storedownloadd
      0     0.00      13.33       2.17   41843   1 studentd
      0     0.00      25.69      19.57    1857   1 suggestd
      0     0.00       6.19       8.66    1849   1 swcd
      0     0.00      28.36      20.88   42600   1 SwitchResX Daem
      0     0.00       6.88       0.54    1456   1 syncdefaultsd
      0     0.00       9.00       0.89   41797   1 SystemUIServer
      0     0.00       7.52       0.82    1853   1 talagent
      0     0.00      10.98       6.02    1459   1 tccd
      0     0.00     175.02      31.78   60558   1 Teams
      0     0.00      11.05       1.21   42579   1 TextInputMenuAg
      0     0.00       9.43       0.95    2148   1 TextInputSwitch
      0     0.00       7.86       0.30   44101 …01 ThumbnailExtens
      0     0.00       6.89       1.01   42626   1 tipsd
      0     0.00       4.57       1.12   45153   1 transparencyd
      0     0.00       7.55       2.09    1555   1 triald
      0     0.00      12.66      31.10    1463   1 trustd
      0     0.00       5.62       0.32    1438   1 TrustedPeersHel
      0     0.00       3.54       0.08   42774 …74 TVCacheExtensio
      0     0.00       5.91       0.94   41913   1 UIKitSystem
      0     0.00       3.92       0.22    1518   1 UsageTrackingAg
      0     0.00       0.41       0.09   44764   1 USBAgent
      0     0.00       3.25       0.59    2471   1 useractivityd
      0     0.00       7.39       3.70    1447   1 UserEventAgent
      0     0.00       9.88       1.45    1500   1 usernoted
      0     0.00      12.98       0.39   65487 …87 vcxpc
      0     0.00       5.20       1.46    1858   1 ViewBridgeAuxil
      0     0.00       0.55       0.20   41819 …19 VTDecoderXPCSer
      0     0.00      11.90       0.12   47687 …87 VTDecoderXPCSer
      0     0.00      43.91      44.87   47820 …20 VTDecoderXPCSer
      0     0.00      14.73       0.09   60796 …96 VTDecoderXPCSer
      0     0.00       0.73       0.12   64765 …65 VTDecoderXPCSer
      0     0.00      18.22       0.09   47704 …04 VTEncoderXPCSer
      0     0.00      23.95       0.13   47840 …40 VTEncoderXPCSer
      0     0.00      22.05      18.43    2502 …02 WeatherWidget
      0     0.00       9.74       6.00    1511   1 WiFiAgent
      0     0.00       2.61       3.92    1926   1 WiFiVelocityAge
      0     0.00      17.41      51.13    2500 …00 WorldClockWidge
      0     0.00       2.81       0.07   64919 …19 XprotectService


[32;1m NPM(K)    PM(M)      WS(M)     CPU(s)      Id  SI ProcessName[0m
[32;1m ------    -----      -----     ------      --  -- -----------[0m
      0     0.00       0.00       0.00       0 …05 
      0     0.00       0.00       0.00       1   1 
      0     0.00       0.00       0.00      99  99 
      0     0.00       0.00       0.00     100 100 
      0     0.00       0.00       0.00     103 103 
      0     0.00       0.00       0.00     104 104 
      0     0.00       0.00       0.00     105 105 
      0     0.00       0.00       0.00     108 108 
      0     0.00       0.00       0.00     109 109 
      0     0.00       0.00       0.00     110 110 
      0     0.00       0.00       0.00     111 111 
      0     0.00       0.00       0.00     115 115 
      0     0.00       0.00       0.00     117 117 
      0     0.00       0.00       0.00     118 118 
      0     0.00       0.00       0.00     120 120 
      0     0.00       0.00       0.00     122 122 
      0     0.00       0.00       0.00     126 126 
      0     0.00       0.00       0.00     127 127 
      0     0.00       0.00       0.00     128 128 
      0     0.00       0.00       0.00     129 129 
      0     0.00       0.00       0.00     133 133 
      0     0.00       0.00       0.00     134 134 
      0     0.00       0.00       0.00     137 137 
      0     0.00       0.00       0.00     138 138 
      0     0.00       0.00       0.00     139 139 
      0     0.00       0.00       0.00     140 140 
      0     0.00       0.00       0.00     141 141 
      0     0.00       0.00       0.00     143 143 
      0     0.00       0.00       0.00     144 144 
      0     0.00       0.00       0.00     145 145 
      0     0.00       0.00       0.00     147 147 
      0     0.00       0.00       0.00     149 149 
      0     0.00       0.00       0.00     150 150 
      0     0.00       0.00       0.00     151 151 
      0     0.00       0.00       0.00     155 155 
      0     0.00       0.00       0.00     156 156 
      0     0.00       0.00       0.00     159 159 
      0     0.00       0.00       0.00     160 160 
      0     0.00       0.00       0.00     161 161 
      0     0.00       0.00       0.00     163 163 
      0     0.00       0.00       0.00     164 164 
      0     0.00       0.00       0.00     166 166 
      0     0.00       0.00       0.00     167 167 
      0     0.00       0.00       0.00     168 168 
      0     0.00       0.00       0.00     170 170 
      0     0.00       0.00       0.00     171 171 
      0     0.00       0.00       0.00     172 172 
      0     0.00       0.00       0.00     173 173 
      0     0.00       0.00       0.00     175 175 
      0     0.00       0.00       0.00     177 177 
      0     0.00       0.00       0.00     178 178 
      0     0.00       0.00       0.00     184 184 
      0     0.00       0.00       0.00     201 201 
      0     0.00       0.00       0.00     203 203 
      0     0.00       0.00       0.00     205 205 
      0     0.00       0.00       0.00     209 209 
      0     0.00       0.00       0.00     210 210 
      0     0.00       0.00       0.00     214 214 
      0     0.00       0.00       0.00     217   1 
      0     0.00       0.00       0.00     220 220 
      0     0.00       0.00       0.00     221 221 
      0     0.00       0.00       0.00     222 222 
      0     0.00       0.00       0.00     223 223 
      0     0.00       0.00       0.00     224 224 
      0     0.00       0.00       0.00     225 225 
      0     0.00       0.00       0.00     226 226 
      0     0.00       0.00       0.00     227 227 
      0     0.00       0.00       0.00     233 233 
      0     0.00       0.00       0.00     239 239 
      0     0.00       0.00       0.00     241 241 
      0     0.00       0.00       0.00     247 247 
      0     0.00       0.00       0.00     248 248 
      0     0.00       0.00       0.00     254 254 
      0     0.00       0.00       0.00     256 256 
      0     0.00       0.00       0.00     259 259 
      0     0.00       0.00       0.00     262 262 
      0     0.00       0.00       0.00     263   1 
      0     0.00       0.00       0.00     268 268 
      0     0.00       0.00       0.00     270 270 
      0     0.00       0.00       0.00     282 282 
      0     0.00       0.00       0.00     296 296 
      0     0.00       0.00       0.00     303 303 
      0     0.00       0.00       0.00     306 306 
      0     0.00       0.00       0.00     311 311 
      0     0.00       0.00       0.00     312 312 
      0     0.00       0.00       0.00     314 314 
      0     0.00       0.00       0.00     318 318 
      0     0.00       0.00       0.00     323 323 
      0     0.00       0.00       0.00     324 324 
      0     0.00       0.00       0.00     333   1 
      0     0.00       0.00       0.00     336   1 
      0     0.00       0.00       0.00     337   1 
      0     0.00       0.00       0.00     340   1 
      0     0.00       0.00       0.00     350   1 
      0     0.00       0.00       0.00     356 356 
      0     0.00       0.00       0.00     359   1 
      0     0.00       0.00       0.00     378   1 
      0     0.00       0.00       0.00     381 381 
      0     0.00       0.00       0.00     388 388 
      0     0.00       0.00       0.00     392 392 
      0     0.00       0.00       0.00     393 393 
      0     0.00       0.00       0.00     394 394 
      0     0.00       0.00       0.00     395 395 
      0     0.00       0.00       0.00     396 396 
      0     0.00       0.00       0.00     397 397 
      0     0.00       0.00       0.00     398 398 
      0     0.00       0.00       0.00     399   1 
      0     0.00       0.00       0.00     400 400 
      0     0.00       0.00       0.00     401 401 
      0     0.00       0.00       0.00     403 403 
      0     0.00       0.00       0.00     404 404 
      0     0.00       0.00       0.00     410 410 
      0     0.00       0.00       0.00     413 413 
      0     0.00       0.00       0.00     416 416 
      0     0.00       0.00       0.00     420 420 
      0     0.00       0.00       0.00     421 421 
      0     0.00       0.00       0.00     422 422 
      0     0.00       0.00       0.00     444   1 
      0     0.00       0.00       0.00     445   1 
      0     0.00       0.00       0.00     522   1 
      0     0.00       0.00       0.00     753 753 
      0     0.00       0.00       0.00     754 754 
      0     0.00       0.00       0.00     761 761 
      0     0.00       0.00       0.00     873 873 
      0     0.00       0.00       0.00     887 887 
      0     0.00       0.00       0.00     918 918 
      0     0.00       0.00       0.00    1020 …20 
      0     0.00       0.00       0.00    1022 …22 
      0     0.00       0.00       0.00    1023 …23 
      0     0.00       0.00       0.00    1041 …41 
      0     0.00       0.00       0.00    1044   1 
      0     0.00       0.00       0.00    1045 …45 
      0     0.00       0.00       0.00    1046 …46 
      0     0.00       0.00       0.00    1083 …83 
      0     0.00       0.00       0.00    1090 …90 
      0     0.00       0.00       0.00    1133 …33 
      0     0.00       0.00       0.00    1170 …70 
      0     0.00       0.00       0.00    1171 …71 
      0     0.00       0.00       0.00    1172 …72 
      0     0.00       0.00       0.00    1173   1 
      0     0.00       0.00       0.00    1192 …92 
      0     0.00       0.00       0.00    1218 …18 
      0     0.00       0.00       0.00    1231 …31 
      0     0.00       0.00       0.00    1239 …39 
      0     0.00       0.00       0.00    1240 …40 
      0     0.00       0.00       0.00    1248 …48 
      0     0.00       0.00       0.00    1250 …50 
      0     0.00       0.00       0.00    1252 …52 
      0     0.00       0.00       0.00    1255 …55 
      0     0.00       0.00       0.00    1257 …57 
      0     0.00       0.00       0.00    1259 …59 
      0     0.00       0.00       0.00    1266 …66 
      0     0.00       0.00       0.00    1279 …79 
      0     0.00       0.00       0.00    1280 …80 
      0     0.00       0.00       0.00    1296 108 
      0     0.00       0.00       0.00    1334 …34 
      0     0.00       0.00       0.00    1347 …47 
      0     0.00       0.00       0.00    1363 …63 
      0     0.00       0.00       0.00    1394 …94 
      0     0.00       0.00       0.00    1401 …01 
      0     0.00       0.00       0.00    1410   1 
      0     0.00       0.00       0.00    1448 …48 
      0     0.00       0.00       0.00    1462 …62 
      0     0.00       0.00       0.00    1513 …13 
      0     0.00       0.00       0.00    1661 …61 
      0     0.00       0.00       0.00    1831 …31 
      0     0.00       0.00       0.00    1886 …86 
      0     0.00       0.00       0.00    1900 …00 
      0     0.00       0.00       0.00    1909   1 
      0     0.00       0.00       0.00    1928 …28 
      0     0.00       0.00       0.00    1938 …38 
      0     0.00       0.00       0.00    1967   1 
      0     0.00       0.00       0.00    1979 …79 
      0     0.00       0.00       0.00    2063 …63 
      0     0.00       0.00       0.00    2122 …22 
      0     0.00       0.00       0.00    2123 …23 
      0     0.00       0.00       0.00    2167 …67 
      0     0.00       0.00       0.00    2181   1 
      0     0.00       0.00       0.00    2421 …21 
      0     0.00       0.00       0.00    2432 …32 
      0     0.00       0.00       0.00    7232   1 
      0     0.00       0.00       0.00    7233   1 
      0     0.00       0.00       0.00    7261   1 
      0     0.00       0.00       0.00    7267   1 
      0     0.00       0.00       0.00    7503   1 
      0     0.00       0.00       0.00    7561   1 
      0     0.00       0.00       0.00   11429 118 
      0     0.00       0.00       0.00   11430 118 
      0     0.00       0.00       0.00   11431 118 
      0     0.00       0.00       0.00   11432 118 
      0     0.00       0.00       0.00   11433 118 
      0     0.00       0.00       0.00   13010 …10 
      0     0.00       0.00       0.00   13074 …74 
      0     0.00       0.00       0.00   15064   1 
      0     0.00       0.00       0.00   16554 …54 
      0     0.00       0.00       0.00   21398 …98 
      0     0.00       0.00       0.00   21601 …01 
      0     0.00       0.00       0.00   21664 …64 
      0     0.00       0.00       0.00   22833 …33 
      0     0.00       0.00       0.00   25148 …48 
      0     0.00       0.00       0.00   27911 …11 
      0     0.00       0.00       0.00   27975   1 
      0     0.00       0.00       0.00   36771 …71 
      0     0.00       0.00       0.00   36778 …78 
      0     0.00       0.00       0.00   38501 …01 
      0     0.00       0.00       0.00   41578 …78 
      0     0.00       0.00       0.00   41822 …22 
      0     0.00       0.00       0.00   41878 …78 
      0     0.00       0.00       0.00   41889 …89 
      0     0.00       0.00       0.00   42066 …66 
      0     0.00       0.00       0.00   42168 …68 
      0     0.00       0.00       0.00   42640 …40 
      0     0.00       0.00       0.00   42654 …54 
      0     0.00       0.00       0.00   42673 …73 
      0     0.00       0.00       0.00   42729 …29 
      0     0.00       0.00       0.00   42743 …43 
      0     0.00       0.00       0.00   42745 …45 
      0     0.00       0.00       0.00   43278 …78 
      0     0.00       0.00       0.00   43732 …32 
      0     0.00       0.00       0.00   43811 …32 
      0     0.00       0.00       0.00   44690 …90 
      0     0.00       0.00       0.00   46138 …38 
      0     0.00       0.00       0.00   49476 …76 
      0     0.00       0.00       0.00   61876 …76 
      0     0.00       0.00       0.00   66237 …37 
      0     0.00       0.00       0.00   80513 …13 
      0     0.00       0.00       0.00   87764 …64 
      0     0.00       0.00       0.00   87894 …94 
      0     0.00       0.00       0.00   88550 …50 
      0     0.00       0.00       0.00   90212 …12 
      0     0.00       0.00       0.00   94121 …21 
      0     0.00       0.00       0.00   94766 …66 
      0     0.00       0.00       0.00   97088 …88 
      0     0.00       0.00       0.00   97102 …02 
      0     0.00      29.26       0.25     850 850 ACCFinderSync
      0     0.00      29.26       0.24    7999 …99 ACCFinderSync
      0     0.00      29.35       0.25   11726 …26 ACCFinderSync
      0     0.00       8.53       1.12   41829 …29 ACCFinderSync
      0     0.00      29.36       0.25   78025 …25 ACCFinderSync
      0     0.00      29.48       0.32   79378 …78 ACCFinderSync
      0     0.00      29.33       0.26   93178 …78 ACCFinderSync
      0     0.00      29.42       0.26   93716 …16 ACCFinderSync
      0     0.00      15.64      13.92    1458   1 accountsd
      0     0.00      21.93      25.68   43280   1 Adobe Desktop S
      0     0.00       3.38      14.97   42690   1 AdobeCRDaemon
      0     0.00       3.45      14.19   43310   1 AdobeCRDaemon
      0     0.00       3.42      14.23   43369   1 AdobeCRDaemon
      0     0.00       3.39      14.21   43550   1 AdobeCRDaemon
      0     0.00      10.21      12.57   42672   1 AdobeIPCBroker
      0     0.00      32.11      25.91   42612   1 Adobe_CCXProces
      0     0.00       7.28       0.55    2746   1 adprivacyd
      0     0.00       8.79       0.68   42573   1 AirPlayUIAgent
      0     0.00       8.03       1.27    1622   1 akd
      0     0.00      49.97      19.95   42568   1 AltTab
      0     0.00       2.55       0.06   98002   1 AMPArtworkAgent
      0     0.00       3.04       0.14   41828   1 AMPDeviceDiscov
      0     0.00       8.35       1.02   97961   1 AMPLibraryAgent
      0     0.00       6.00       1.43   42580   1 amsaccountsd
      0     0.00      23.05       5.07   36821   1 amsengagementd
      0     0.00       0.70       0.01    1487   1 APFSUserAgent
      0     0.00       2.70       0.20   93989   1 appleaccountd
      0     0.00      70.90      17.47    5845   1 AppleSpell
      0     0.00      10.16       0.82    1689   1 AppSSOAgent
      0     0.00      33.98       8.21   36736   1 appstoreagent
      0     0.00       3.42       0.81   42571   1 askpermissiond
      0     0.00       3.35       0.38    1884   1 AssetCacheLocat
      0     0.00      15.81       2.77    1540   1 assistantd
      0     0.00       4.19       0.17   41860   1 AudioComponentR
      0     0.00       6.04       0.35    3197   1 avatarsd
      0     0.00       0.66       0.18   41835   1 avconferenced
      0     0.00       7.42       0.25    2414   1 backgroundtaskm
      0     0.00       2.13       0.27    1656   1 BiomeAgent
      0     0.00       4.04       0.21    2514   1 biomesyncd
      0     0.00      12.68       4.94    1847   1 bird
      0     0.00     543.99     139.13   47718   1 Brave Browser
      0     0.00      48.83       0.19   32801   1 Brave Browser H
      0     0.00     172.28     441.30   47800   1 Brave Browser H
      0     0.00      72.96      30.54   47801   1 Brave Browser H
      0     0.00      34.32       0.74   47808   1 Brave Browser H
      0     0.00      32.92       1.17   47821   1 Brave Browser H
      0     0.00      68.84       0.52   47834   1 Brave Browser H
      0     0.00     351.66     487.23   47849   1 Brave Browser H
      0     0.00      70.02       0.44   47873   1 Brave Browser H
      0     0.00     253.37      24.63   47878   1 Brave Browser H
      0     0.00     287.11      12.63   47879   1 Brave Browser H
      0     0.00      71.38       0.54   47880   1 Brave Browser H
      0     0.00      83.84      12.74   47882   1 Brave Browser H
      0     0.00     234.70       8.09   47883   1 Brave Browser H
      0     0.00     155.68       6.81   47884   1 Brave Browser H
      0     0.00      62.40       0.25   47885   1 Brave Browser H
      0     0.00     186.95       1.42   48025   1 Brave Browser H
      0     0.00      65.07       0.29   48268   1 Brave Browser H
      0     0.00      32.09      10.11   48534   1 Brave Browser H
      0     0.00     618.90     391.36   62904   1 Brave Browser H
      0     0.00      70.32       0.29   63091   1 Brave Browser H
      0     0.00       1.79       0.10   90645   1 BTLEServerAgent
      0     0.00       4.38       0.13   42765 …65 CacheDeleteExte
      0     0.00      33.83      26.76    1490   1 CalendarAgent
      0     0.00      15.45      19.62    2498 …98 CalendarWidgetE
      0     0.00       0.01       0.04    3232 …32 CalendarWidgetE
      0     0.00       5.89       0.36   42055   1 CallHistoryPlug
      0     0.00      11.96       2.22    1514   1 callservicesd
      0     0.00      12.62       3.21    1525 …25 CalNCService
      0     0.00       0.94       0.14   41866 …66 CarbonComponent
      0     0.00       3.69       0.02   28450 …50 CategoriesServi
      0     0.00       4.79       0.17    1763   1 cdpd
      0     0.00       5.16      20.31    1419   1 cfprefsd
      0     0.00       3.64       0.01   47647 …27 chrome_crashpad
      0     0.00       3.42       0.01   47758 …57 chrome_crashpad
      0     0.00       3.61       0.01   60772 …71 chrome_crashpad
      0     0.00      16.97       9.32    1580   1 cloudd
      0     0.00       1.91       0.08    1450   1 CloudKeychainPr
      0     0.00       5.01       0.57    3284   1 cloudpaird
      0     0.00       3.02       0.49    2594   1 cloudphotod
      0     0.00       2.03       0.04    2525   1 CMFSyncAgent
      0     0.00      30.85       0.41   47688   1 Code Helper
      0     0.00      82.56     125.80   47670   1 Code Helper (GP
      0     0.00     503.54     354.95   47697   1 Code Helper (Re
      0     0.00     180.56      12.57   47852   1 Code Helper (Re
      0     0.00      62.64       8.34   47911   1 Code Helper (Re
      0     0.00      41.80       0.49   47931   1 Code Helper (Re
      0     0.00       0.61       0.06   44090   1 colorsync.usera
      0     0.00       1.04       0.04   42657   1 com.apple.acces
      0     0.00      65.04      19.02   78007 …07 com.apple.appki
      0     0.00       0.01       0.03   36481 …81 com.apple.audio
      0     0.00       0.01       0.04   42674 …74 com.apple.audio
      0     0.00       5.79       0.04   48542 …42 com.apple.audio
      0     0.00       0.01       0.03   64756 …56 com.apple.audio
      0     0.00       0.97       0.04   97995   1 com.apple.BKAge
      0     0.00       0.54       0.01   91889   1 com.apple.Chara
      0     0.00       1.60       0.16    2114   1 com.apple.Cloud
      0     0.00       0.01       0.01   44092 …92 com.apple.Color
      0     0.00       0.01       0.01   88313 …13 com.apple.Color
      0     0.00       0.01       0.01    1531   1 com.apple.Dicti
      0     0.00      14.34       1.52   42037 …37 com.apple.dock.
      0     0.00       2.98       0.12    2470 …70 com.apple.FaceT
      0     0.00       6.50       1.51    2480   1 com.apple.geod
      0     0.00       1.92       4.56    1842   1 com.apple.hiser
      0     0.00       0.01       0.07    2489 …89 com.apple.Notes
      0     0.00       9.16       1.54   42040   1 com.apple.quick
      0     0.00      29.99       2.94   61020   1 com.apple.Safar
      0     0.00       5.73       0.43    1453   1 com.apple.sbd
      0     0.00       0.45       0.25    1550 …50 com.apple.siri.
      0     0.00       0.75       0.25   64266   1 com.apple.speec
      0     0.00       4.96       0.81   42655 …55 com.apple.WebKi
      0     0.00       3.00       0.32   42664 …64 com.apple.WebKi
      0     0.00      15.73       0.31   61000 …00 com.apple.WebKi
      0     0.00       7.15       1.93    1485   1 CommCenter
      0     0.00       5.26       0.86   41857   1 commerce
      0     0.00       6.08       1.14    1543   1 contactsd
      0     0.00       8.39       1.25    2507   1 contactsdonatio
      0     0.00       7.98       7.64    1499   1 containermanage
      0     0.00       4.57       2.35    2262 …62 ContainerMetada
      0     0.00       2.20       0.22   42898   1 contentlinkingd
      0     0.00       7.66       1.57    1902   1 ContextService
      0     0.00      10.55       8.51    1507   1 ContextStoreAge
      0     0.00      44.32      20.55   41796   1 ControlCenter
      0     0.00      22.03       5.09    1489   1 ControlStrip
      0     0.00      29.11      26.08   43594   1 Core Sync
      0     0.00      16.13       0.22   45879   1 coreautha
      0     0.00       4.46       0.16    2433   1 coreauthd
      0     0.00       9.96       0.91    2474   1 CoreLocationAge
      0     0.00      24.48       1.60    2477   1 CoreServicesUIA
      0     0.00       3.33       1.49   42560   1 corespeechd
      0     0.00      61.20       3.01    1848   1 corespotlightd
      0     0.00      26.15       3.22   90191   1 CoreSpotlightSe
      0     0.00       0.01       0.02   43299 …98 CrashHandler
      0     0.00       0.01       0.02   43366 …65 CrashHandler
      0     0.00       0.01       0.02   43546 …44 CrashHandler
      0     0.00      12.57       4.75   43353   1 Creative Cloud 
      0     0.00       9.01       4.32   43537   1 Creative Cloud 
      0     0.00       1.32       0.02    1464   1 csnameddatad
      0     0.00       1.50       0.07   41890   1 ctkahp
      0     0.00       2.15       0.13    1515   1 ctkd
      0     0.00      40.51       0.20   69533 …33 DashlaneIdentit
      0     0.00       8.64       8.34   12916   1 deleted
      0     0.00       1.05       0.15   87828   1 devicecheckd
      0     0.00       2.01       0.11    1527   1 diagnosticexten
      0     0.00       4.71       1.10   42578   1 diagnostics_age
      0     0.00       4.39       0.02   21772   1 DiskUnmountWatc
      0     0.00       3.65      13.87     452   1 distnoted
      0     0.00       4.50       1.23    2024   1 dmd
      0     0.00      28.64      20.58   41795   1 Dock
      0     0.00      14.78       1.94   47972 …72 DockHelper
      0     0.00       8.12       1.44    1509   1 donotdisturbd
      0     0.00     161.46      76.28   47589   1 Electron
      0     0.00     238.07      27.78   47861   1 Electron
      0     0.00      44.78       0.92   48010   1 Electron
      0     0.00       7.64       0.94   91882 …82 EmojiFunctionRo
      0     0.00       4.23       0.13   16448   1 EscrowSecurityA
      0     0.00       1.98     122.48   42564   1 EWCService
      0     0.00       7.68       0.51    2028   1 familycircled
      0     0.00       9.63       0.93   42585   1 figma_agent
      0     0.00      15.17      22.06    2066   1 fileproviderd
      0     0.00     116.02      40.39   41799   1 Finder
      0     0.00       3.50       0.19   42208   1 findmydevice-us
      0     0.00       0.01       0.18    2497 …97 FindMyWidgetIte
      0     0.00       0.01       0.17    2487 …87 FindMyWidgetPeo
      0     0.00       5.18       0.80    1553   1 fmfd
      0     0.00       1.59       0.04    1759   1 followupd
      0     0.00      13.29       4.02    1947   1 fontd
      0     0.00       1.48       0.91    1951   1 fontworker
      0     0.00       2.02       0.06   42746   1 geodMachService
      0     0.00      10.05       2.67    1493   1 homed
      0     0.00       2.76       0.31   42569   1 icdd
      0     0.00       7.23       0.61    1742   1 iCloudNotificat
      0     0.00      19.87       8.16    2027   1 iconservicesage
      0     0.00      13.44       2.97    1498   1 identityservice
      0     0.00       1.30       0.07    3861 …61 IDSBlastDoorSer
      0     0.00       8.89       1.44    2469   1 imagent
      0     0.00       0.70       0.03   16550   1 IMAutomaticHist
      0     0.00      10.84       1.42    2472   1 IMDPersistenceA
      0     0.00       5.41       0.56    2135   1 imklaunchagent
      0     0.00      10.46       1.32    1461   1 itunescloudd
      0     0.00       4.80       0.19    1532   1 keyboardservice
      0     0.00      16.79       5.49    1454   1 knowledge-agent
      0     0.00       1.54       0.02   99111   1 localizationswi
      0     0.00      59.83      38.16   15954   1 LogiMgrDaemon
      0     0.00       0.47       0.02   42617   1 loginitemregist
      0     0.00      30.97      10.28     181 181 loginwindow
      0     0.00      11.80      23.04    1455   1 lsd
      0     0.00      16.59       3.72   42641   1 Maccy
      0     0.00       3.38       0.05   16564 …64 MailCacheDelete
      0     0.00       6.29       0.50   42067   1 mapspushd
      0     0.00      15.52      13.61    2403   1 mdbulkimport
      0     0.00       0.45      20.73    7262   1 mdworker
      0     0.00      17.72       0.30    2988   1 mdworker_shared
      0     0.00      14.68       0.12    3428   1 mdworker_shared
      0     0.00      12.43       0.11    9343   1 mdworker_shared
      0     0.00       2.35       0.24   41956   1 mdwrite
      0     0.00       4.44       0.08   97960 …60 media-indexer
      0     0.00       1.57       0.52    2473   1 mediaremoteagen
      0     0.00       0.59       0.03   36738   1 metrickitd
      0     0.00      31.57       0.08   10986   1 Microsoft Teams
      0     0.00      81.30      12.60   60779   1 Microsoft Teams
      0     0.00      34.74       6.87   60788   1 Microsoft Teams
      0     0.00      58.44       0.33   60799   1 Microsoft Teams
      0     0.00      19.00       0.54   60824   1 Microsoft Teams
      0     0.00     617.68      49.96   65099   1 Microsoft Teams
      0     0.00     428.95      60.93   65210   1 Microsoft Teams
      0     0.00      82.23       4.60   65406   1 Microsoft Teams
      0     0.00      13.49       4.64   88054   1 MirrorDisplays
      0     0.00       0.01       0.03   70483   1 mlruntimed
      0     0.00       3.50       0.07   20798 …98 MobileSMSSpotli
      0     0.00       0.39       0.13    1876 …76 MTLCompilerServ
      0     0.00       0.52       0.10   12306 …06 MTLCompilerServ
      0     0.00       0.51       0.85   26396 …96 MTLCompilerServ
      0     0.00       0.52       0.21   26397 …97 MTLCompilerServ
      0     0.00       0.53       0.09   28001 …01 MTLCompilerServ
      0     0.00       0.53       1.11   41832 …32 MTLCompilerServ
      0     0.00       0.54       0.19   42058 …58 MTLCompilerServ
      0     0.00       0.53       0.08   42059 …59 MTLCompilerServ
      0     0.00       0.48       0.08   43289 …89 MTLCompilerServ
      0     0.00       0.50       0.15   45578 …78 MTLCompilerServ
      0     0.00       0.52       0.21   58071 …71 MTLCompilerServ
      0     0.00       0.49       0.09   58072 …72 MTLCompilerServ
      0     0.00      13.29       0.08   60470 …70 MTLCompilerServ
      0     0.00       0.52       0.15   64774 …74 MTLCompilerServ
      0     0.00      14.26       0.04   73052 …52 MTLCompilerServ
      0     0.00      17.55       0.07   79537 …37 MTLCompilerServ
      0     0.00       0.50       0.06   98282 …82 MTLCompilerServ
      0     0.00       3.54       0.09   42767 …67 MusicCacheExten
      0     0.00      18.34       0.31   49402   1 nbagent
      0     0.00       0.56       0.02   37640   1 ndoagent
      0     0.00       4.03       0.45    1874   1 neagent
      0     0.00       9.21       1.81    1530   1 networkservicep
      0     0.00      38.79       6.43   43925   1 node
      0     0.00      26.23      13.91    1844   1 NotificationCen
      0     0.00      19.41       1.82   48557   1 NowPlayingTouch
      0     0.00      24.95     173.95    1674   1 nsurlsessiond
      0     0.00      64.34      28.94   42625   1 OneDrive
      0     0.00       7.93       1.36    2566 …66 OneDrive File P
      0     0.00      10.46       0.59   99239   1 OSDUIHelper
      0     0.00       7.25       1.24    2423 …23 PAH_Extension
      0     0.00      10.95       2.42    5415   1 parsecd
      0     0.00       5.99       0.50   41848   1 passd
      0     0.00       0.68       1.15   42169   1 PasswordBreachA
      0     0.00       2.91       0.27    1476   1 pboard
      0     0.00       4.84       0.55    1983   1 pbs
      0     0.00      26.48      12.51    2142   1 photoanalysisd
      0     0.00      16.29       3.95    1856   1 photolibraryd
      0     0.00       0.01       0.08    2503 …03 PhotosReliveWid
      0     0.00      12.46      11.28    1517   1 pkd
      0     0.00       0.57       0.01    3062 …62 PlugInLibrarySe
      0     0.00       1.88       0.01   12394 …94 PlugInLibrarySe
      0     0.00       0.83       0.01   41514 …14 PlugInLibrarySe
      0     0.00       0.61       0.01   42595 …95 PlugInLibrarySe
      0     0.00       0.01       0.01   43740 …40 PlugInLibrarySe
      0     0.00       1.86       0.01   81959 …59 PlugInLibrarySe
      0     0.00      46.79       0.30   67729 …29 Pluralsight Wid
      0     0.00       1.65       0.05   97986   1 PodcastContentS
      0     0.00       0.01       0.13    2501 …01 PodcastsWidget
      0     0.00      11.32       0.71   26073   1 PowerChime
      0     0.00       5.29       0.55   68629   1 printtool
      0     0.00       0.70       0.04   95643   1 proactived
      0     0.00       3.08       0.50   42167   1 proactiveeventt
      0     0.00       2.91       0.30    1896   1 progressd
      0     0.00       3.47       0.58   36822   1 promotedcontent
      0     0.00       2.68       0.11    2478   1 ProtectedCloudK
      0     0.00     258.52     129.07   38705 …05 pwsh
      0     0.00       0.84       0.22   93531 …31 QuickLookSatell
      0     0.00       6.38       0.70   41812 …12 QuickLookUIServ
      0     0.00      13.12       0.24   78016 …16 QuickLookUIServ
      0     0.00       6.75       1.69    1488   1 rapportd
      0     0.00       3.44       0.67   75373   1 rcd
      0     0.00      14.21       3.71   42601   1 Rectangle
      0     0.00      21.91       0.67   57488   1 remindd
      0     0.00       0.01       0.09    2499 …99 RemindersWidget
      0     0.00       1.53       0.09   42742   1 replayd
      0     0.00       1.82       7.77    3445   1 ReportCrash
      0     0.00      16.07       5.36    1496   1 routined
      0     0.00       1.97       0.35   14451   1 SafariBookmarks
      0     0.00       1.27       0.07   42866   1 SafariLaunchAge
      0     0.00       0.01       0.02   41908   1 SafeEjectGPUAge
      0     0.00       0.56       0.04   41909   1 SafeEjectGPUSer
      0     0.00       1.71       0.28    2124   1 ScopedBookmarkA
      0     0.00       3.44       0.34    1639   1 ScreenTimeAgent
      0     0.00       0.01       0.17    2491 …91 ScreenTimeWidge
      0     0.00       6.07       3.11    1743   1 searchpartyuser
      0     0.00      20.24       7.51    1421   1 secd
      0     0.00       7.09      54.92    1497   1 secinitd
      0     0.00       6.77       0.70    2444   1 sharedfilelistd
      0     0.00      13.42       9.15    2435   1 sharingd
      0     0.00       2.32       0.05   88034   1 SidecarRelay
      0     0.00       6.63       0.91    1729   1 siriactionsd
      0     0.00       7.80       1.03    1589   1 siriknowledged
      0     0.00      15.33       1.97   42593   1 Snappy
      0     0.00       9.72       0.91    2170   1 SoftwareUpdateN
      0     0.00       0.49       0.04   21430   1 spindump_agent
      0     0.00     115.07      18.33   41811   1 Spotlight
      0     0.00       3.60       0.31    2468   1 StatusKitAgent
      0     0.00       0.01       0.18    2490 …90 StocksWidget
      0     0.00       1.52       0.10   42753   1 storedownloadd
      0     0.00      13.33       2.17   41843   1 studentd
      0     0.00      25.69      19.57    1857   1 suggestd
      0     0.00       6.19       8.66    1849   1 swcd
      0     0.00      28.36      20.88   42600   1 SwitchResX Daem
      0     0.00       6.88       0.54    1456   1 syncdefaultsd
      0     0.00       9.00       0.89   41797   1 SystemUIServer
      0     0.00       7.52       0.82    1853   1 talagent
      0     0.00      10.98       6.02    1459   1 tccd
      0     0.00     175.02      31.78   60558   1 Teams
      0     0.00      11.05       1.21   42579   1 TextInputMenuAg
      0     0.00       9.43       0.95    2148   1 TextInputSwitch
      0     0.00       7.86       0.30   44101 …01 ThumbnailExtens
      0     0.00       6.89       1.01   42626   1 tipsd
      0     0.00       4.57       1.12   45153   1 transparencyd
      0     0.00       7.55       2.09    1555   1 triald
      0     0.00      12.66      31.10    1463   1 trustd
      0     0.00       5.62       0.32    1438   1 TrustedPeersHel
      0     0.00       3.54       0.08   42774 …74 TVCacheExtensio
      0     0.00       5.91       0.94   41913   1 UIKitSystem
      0     0.00       3.92       0.22    1518   1 UsageTrackingAg
      0     0.00       0.41       0.09   44764   1 USBAgent
      0     0.00       3.25       0.59    2471   1 useractivityd
      0     0.00       7.39       3.70    1447   1 UserEventAgent
      0     0.00       9.88       1.45    1500   1 usernoted
      0     0.00      12.98       0.39   65487 …87 vcxpc
      0     0.00       5.20       1.46    1858   1 ViewBridgeAuxil
      0     0.00       0.55       0.20   41819 …19 VTDecoderXPCSer
      0     0.00      11.90       0.12   47687 …87 VTDecoderXPCSer
      0     0.00      43.91      44.87   47820 …20 VTDecoderXPCSer
      0     0.00      14.73       0.09   60796 …96 VTDecoderXPCSer
      0     0.00       0.73       0.12   64765 …65 VTDecoderXPCSer
      0     0.00      18.22       0.09   47704 …04 VTEncoderXPCSer
      0     0.00      23.95       0.13   47840 …40 VTEncoderXPCSer
      0     0.00      22.05      18.43    2502 …02 WeatherWidget
      0     0.00       9.74       6.00    1511   1 WiFiAgent
      0     0.00       2.61       3.92    1926   1 WiFiVelocityAge
      0     0.00      17.41      51.13    2500 …00 WorldClockWidge
      0     0.00       2.81       0.07   64919 …19 XprotectService

